0 0 p3 10 12 12 16 10 15 12 13 13 16 10 14 11 12 14 16 13 12 14 16 10 13 14 12 10
0 1 p5 10 13 11 13 11 12 11 15 12 14 13 12 14 15 13 13 14
0 2 p2 12 13 12 14 10 13 12 16 12 15 12 14 14 13 14 13 12 12 12
1 3 p1 12 16 12 16 10 12 13 13 10 14 11 16 11 14 13 12 12
1 4 p1 14 12 13 14 13 13 14 15 11 15 13 13 14 14 10
2 5 p5 11 15 10 12 14 13 10 14 14 14 11 14 12 16 13 14 11 14 12 14 12 16 14
2 6 p5 10 15 14 16 12 13 12 13 13 12 11 15 11 12 13 13 10 12 14 15 10
3 7 p4 13 15 14 13 11 15 11 15 13 12 11 15 11 13 11 13 14 14 13 14 13 16 13 15 10
3 8 p2 13 14 11 15 10 14 10 14 12 14 13 15 10 12 13 14 10 13 13 14 14 12 13 13 11
3 9 p2 14 12 14 12 13 16 12 13 12 13 11 12 11 14 13 14 10 12 14 16 11 15 13 16 14
4 10 p3 11 14 11 15 10 16 13 12 11 13 14 14 11 13 12 14 14
4 11 p4 14 12 14 15 12 13 11 13 11 12 12 13 11 12 14 16 13 12 10 14 13
4 12 p3 12 12 11 15 13 14 14 15 14 16 12
5 13 p2 13 12 11 12 11 16 12 12 13 14 12 16 11 12 12 13 12 16 13 13 12 12 12
6 14 p4 13 13 10 12 10 13 14 13 10 12 13 14 13 16 14 15 12 14 14
6 15 p3 12 14 14 16 13 12 14 12 13 15 11
6 16 p1 12 12 13 16 14 15 14 13 12 14 12 16 12 13 10 14 14 13 14
7 17 p5 12 16 14 14 12 16 12 13 10 16 11 15 10 12 12 15 12
8 18 p1 14 16 13 16 12 15 13 12 14 12 14
9 19 p3 11 13 14 13 12 14 13 14 10 16 11 16 14 15 12 13 13 16 10 15 10 15 12
