0 0 p5 7 15 10 18 11 18 9 17 8 15 11 19 11 16 8 14 11 14 10 16 10
1 1 p2 8 17 7 17 10 19 9 18 9 19 7 19 11 16 9
1 2 p1 8 18 6 15 9 18 7 16 6 19 8 19 10 19 11
2 3 p1 6 16 8 16 8 16 6 14 8 18 10 16 7 17 7 18 7 18 9 17 7 18 9 16 10
2 4 p1 8 16 11 18 8 16 11 16 8 16 10 16 10 15 9 18 7 19 6 18 6 15 8 14 10 17 6 17 9
2 5 p2 7 16 10 18 10 16 9 18 7 15 8 18 11 14 11 15 6 18 8
3 6 p4 9 17 9 17 7 18 8 19 9 17 8 18 7 18 10 14 7 15 7
3 7 p4 11 15 9 19 11 18 10 14 8 19 8 15 10 17 9
4 8 p3 9 14 11 19 11 18 6 16 7 14 7 15 6 19 11
4 9 p1 9 14 11 16 7 15 8 14 7 18 8 14 6 19 8 16 10 19 9 19 7 18 8 16 6 17 8 16 11
4 10 p2 6 15 6 19 6 17 9 15 8 15 6 19 11 14 7 17 9 14 6 19 8 18 7 14 6
5 11 p1 7 17 6 16 9 18 10 18 11 14 6 18 10 14 7
6 12 p2 7 16 6 16 6 18 11 18 7 14 11 18 11 17 6 14 7 16 9
7 13 p3 7 17 6 14 7 14 9 17 11 14 6 15 7 17 10 18 7 16 10 18 10 19 6 16 11 16 10
7 14 p2 8 19 10 16 10 19 7 19 10 18 8 17 7 17 10 14 11 15 10 18 6 15 6
7 15 p1 7 16 8 15 6 19 6 18 6 18 6 14 6 16 11
8 16 p3 7 14 6 19 8 17 6 14 11 17 11 15 8 16 9 19 11 17 9 19 8 16 10 16 8
8 17 p3 9 17 8 19 8 18 10 14 9 18 9 18 7 15 9
9 18 p1 10 17 8 14 9 16 9 15 6 14 10 17 9 19 6 16 6 14 6 14 10 16 9 17 6 19 6 15 8
10 19 p3 7 19 11 17 6 14 9 16 8 14 6 15 6 15 8 14 8
