0 0 p2 11 15 10 15 13 15 16 15 15 15 11 15 14 15 13
0 1 p1 11 15 14 15 10 15 10 15 15 15 16 15 11 15 10 15 15 15 13 15 16 15 10 15 11
0 2 p5 11 15 10 15 16 15 10 15 12 15 13 15 16 15 13 15 16 15 11 15 10 15 15 15 16 15 13
1 3 p4 12 15 13 15 16 15 9 15 14 15 12 15 12 15 11 15 12 15 9
1 4 p2 12 15 9 15 13 15 14 15 10 15 13 15 10 15 10 15 15
1 5 p5 11 15 12 15 15 15 10 15 12 15 9 15 16 15 16 15 12 15 10 15 12 15 14 15 10
2 6 p5 15 15 14 15 12 15 9 15 16 15 9 15 13 15 9 15 13 15 16
2 7 p3 13 15 9 15 15 15 13 15 12 15 16 15 9 15 11 15 14 15 13 15 13 15 11
3 8 p1 15 15 12 15 15 15 15 15 11 15 11 15 13 15 10 15 10 15 12 15 15 15 14 15 16 15 15
4 9 p1 12 15 13 15 14 15 11 15 13 15 10 15 15 15 14 15 16 15 12 15 11
4 10 p1 14 15 14 15 16 15 13 15 16 15 10 15 16 15 10 15 15 15 16 15 13
4 11 p2 14 15 10 15 13 15 9 15 9 15 11 15 16 15 9 15 10 15 9 15 16 15 13 15 11 15 12
5 12 p5 10 15 16 15 14 15 14 15 13 15 11 15 14 15 11 15 11 15 14
6 13 p3 10 15 11 15 11 15 13 15 14 15 13 15 15 15 13 15 10 15 13 15 9 15 12 15 16
7 14 p4 9 15 16 15 13 15 14 15 13 15 11 15 11 15 9
7 15 p2 16 15 13 15 14 15 12 15 9 15 13 15 9 15 14
7 16 p3 11 15 9 15 11 15 13 15 9 15 11 15 16 15 14 15 14 15 9 15 15 15 9 15 14
8 17 p5 14 15 12 15 13 15 10 15 14 15 16 15 11 15 16 15 10 15 14 15 11 15 12 15 13 15 16
8 18 p3 15 15 11 15 15 15 15 15 16 15 14 15 15 15 10 15 10 15 11
8 19 p1 11 15 15 15 11 15 14 15 12 15 9 15 13 15 14
9 20 p5 16 15 14 15 12 15 11 15 13 15 16 15 14 15 13 15 16
10 21 p3 12 15 14 15 13 15 14 15 13 15 10 15 13 15 11 15 11
11 22 p3 16 15 13 15 15 15 11 15 16 15 14 15 9 15 13 15 12
11 23 p5 16 15 9 15 16 15 15 15 15 15 13 15 9 15 14 15 14 15 11 15 11
11 24 p1 14 15 16 15 10 15 11 15 15 15 16 15 14 15 13 15 14
12 25 p1 11 15 14 15 11 15 13 15 10 15 14 15 12 15 15 15 12 15 15 15 16 15 11 15 16
13 26 p1 13 15 12 15 14 15 13 15 13 15 9 15 13 15 16 15 11 15 14 15 11
13 27 p2 10 15 10 15 13 15 9 15 12 15 16 15 16 15 10 15 11 15 13
13 28 p3 9 15 13 15 11 15 13 15 12 15 9 15 16 15 10 15 16 15 16 15 15 15 9 15 15
14 29 p5 13 15 11 15 13 15 12 15 11 15 12 15 16 15 9
14 30 p2 10 15 15 15 14 15 11 15 13 15 15 15 13 15 13 15 15 15 16 15 12 15 16
15 31 p2 16 15 15 15 13 15 13 15 12 15 14 15 15 15 10 15 10 15 11 15 12 15 15 15 16 15 11
15 32 p2 11 15 11 15 10 15 16 15 14 15 13 15 13 15 14 15 12 15 10 15 10 15 14 15 12
15 33 p3 13 15 12 15 15 15 14 15 9 15 10 15 12 15 14 15 15 15 13 15 16 15 13 15 14 15 12
16 34 p2 12 15 9 15 9 15 10 15 11 15 12 15 14 15 14 15 14 15 9 15 13 15 15 15 15 15 16
17 35 p2 9 15 10 15 10 15 13 15 15 15 16 15 14 15 13 15 12 15 15 15 10
17 36 p5 13 15 15 15 10 15 9 15 11 15 12 15 14 15 13
17 37 p2 14 15 11 15 12 15 12 15 11 15 14 15 10 15 12 15 9 15 12
18 38 p4 9 15 15 15 13 15 11 15 15 15 16 15 16 15 13 15 15
18 39 p2 12 15 11 15 14 15 15 15 15 15 9 15 13 15 13 15 16 15 14 15 9
19 40 p4 15 15 12 15 15 15 10 15 13 15 9 15 16 15 10 15 15 15 14 15 9 15 10 15 12
19 41 p3 11 15 10 15 10 15 9 15 16 15 11 15 15 15 9 15 12 15 16 15 9
20 42 p4 9 15 13 15 15 15 15 15 14 15 10 15 13 15 16 15 16 15 16 15 10 15 14 15 11 15 16
20 43 p4 12 15 11 15 10 15 16 15 16 15 13 15 10 15 11 15 9
20 44 p1 14 15 10 15 9 15 12 15 14 15 10 15 12 15 15 15 16 15 16 15 11 15 16 15 9 15 12
21 45 p1 14 15 13 15 12 15 16 15 10 15 11 15 14 15 14 15 13 15 16
21 46 p5 12 15 10 15 9 15 15 15 13 15 12 15 13 15 12 15 11
22 47 p2 13 15 16 15 11 15 11 15 14 15 12 15 12 15 11 15 13 15 14 15 13
22 48 p4 16 15 11 15 12 15 12 15 10 15 11 15 16 15 15 15 9 15 9 15 12 15 9
23 49 p4 16 15 11 15 15 15 15 15 16 15 11 15 12 15 13 15 13
23 50 p2 9 15 15 15 13 15 16 15 10 15 11 15 9 15 10 15 14 15 14 15 10 15 14 15 9
24 51 p3 10 15 13 15 13 15 13 15 10 15 13 15 15 15 15 15 9 15 12 15 11 15 13 15 12
25 52 p5 16 15 16 15 15 15 12 15 11 15 15 15 9 15 13 15 9 15 11 15 16
25 53 p4 11 15 16 15 14 15 11 15 14 15 9 15 9 15 15
26 54 p5 9 15 12 15 14 15 12 15 10 15 16 15 12 15 9 15 15 15 10 15 14 15 13
27 55 p1 10 15 10 15 11 15 15 15 14 15 11 15 16 15 10 15 14 15 12
28 56 p3 14 15 10 15 16 15 15 15 9 15 16 15 16 15 15 15 15 15 14
28 57 p2 13 15 15 15 16 15 10 15 11 15 11 15 14 15 13 15 10 15 13 15 9
28 58 p4 15 15 14 15 9 15 10 15 16 15 9 15 12 15 14
29 59 p3 12 15 13 15 14 15 11 15 16 15 15 15 14 15 15 15 10 15 14 15 13 15 16 15 13
29 60 p4 9 15 9 15 14 15 13 15 13 15 10 15 11 15 12 15 13 15 15 15 11
29 61 p1 10 15 10 15 15 15 15 15 13 15 11 15 10 15 10 15 9 15 14 15 10 15 16 15 11 15 16
30 62 p2 9 15 14 15 13 15 16 15 9 15 13 15 10 15 9 15 9
30 63 p3 13 15 12 15 12 15 9 15 14 15 16 15 15 15 11 15 16 15 13
31 64 p4 9 15 14 15 12 15 9 15 15 15 16 15 12 15 14 15 12 15 9
32 65 p1 15 15 12 15 13 15 15 15 16 15 15 15 14 15 11
32 66 p5 11 15 12 15 16 15 9 15 12 15 14 15 9 15 15 15 15
32 67 p5 11 15 12 15 10 15 15 15 13 15 15 15 11 15 15 15 16 15 9 15 10 15 15 15 14 15 9
33 68 p3 13 15 13 15 12 15 11 15 11 15 13 15 15 15 9 15 12 15 11 15 10 15 15
33 69 p5 9 15 11 15 10 15 15 15 13 15 11 15 12 15 10 15 13 15 13 15 15
34 70 p3 11 15 13 15 14 15 9 15 12 15 13 15 9 15 11 15 9
35 71 p3 10 15 12 15 12 15 9 15 13 15 9 15 11 15 10 15 11 15 10 15 14 15 10 15 9
35 72 p1 13 15 10 15 15 15 16 15 16 15 10 15 13 15 12 15 12 15 13 15 10
36 73 p2 16 15 11 15 16 15 13 15 9 15 13 15 13 15 16 15 16 15 14 15 15
36 74 p5 13 15 13 15 14 15 13 15 12 15 10 15 10 15 11 15 12 15 9 15 13 15 11 15 15 15 11
36 75 p1 15 15 12 15 13 15 15 15 14 15 9 15 11 15 14 15 13
37 76 p1 15 15 11 15 10 15 13 15 10 15 15 15 14 15 13 15 9 15 13
37 77 p4 9 15 16 15 11 15 14 15 16 15 16 15 9 15 9 15 10 15 12 15 10 15 15 15 15 15 13
38 78 p5 14 15 15 15 12 15 14 15 16 15 13 15 12 15 14 15 10 15 12
39 79 p5 10 15 14 15 15 15 12 15 11 15 10 15 13 15 11
40 80 p3 10 15 16 15 13 15 11 15 16 15 16 15 10 15 10 15 9 15 16 15 14
40 81 p4 15 15 13 15 15 15 14 15 14 15 16 15 13 15 11 15 9
41 82 p4 13 15 11 15 9 15 9 15 11 15 16 15 12 15 15 15 9 15 12
41 83 p1 13 15 9 15 13 15 16 15 14 15 12 15 12 15 11 15 10 15 13 15 13 15 10 15 10 15 9
42 84 p2 10 15 12 15 14 15 13 15 13 15 11 15 15 15 12 15 13 15 14 15 12
42 85 p4 16 15 10 15 15 15 10 15 12 15 16 15 13 15 15 15 13 15 11
43 86 p4 12 15 15 15 10 15 13 15 16 15 13 15 10 15 10 15 11 15 16 15 9 15 15 15 11 15 12
44 87 p1 9 15 13 15 10 15 9 15 12 15 10 15 10 15 15 15 12 15 15
45 88 p2 14 15 16 15 11 15 9 15 14 15 16 15 9 15 16 15 9 15 15 15 10 15 14 15 14
45 89 p4 11 15 13 15 16 15 13 15 13 15 9 15 15 15 10 15 13 15 15 15 9
45 90 p3 15 15 12 15 13 15 11 15 12 15 9 15 14 15 12 15 14 15 12 15 13 15 13
46 91 p4 9 15 12 15 10 15 16 15 11 15 11 15 10 15 10 15 16 15 10
47 92 p3 10 15 16 15 15 15 15 15 14 15 14 15 13 15 11 15 12 15 12 15 13 15 12
47 93 p5 11 15 13 15 9 15 13 15 16 15 13 15 9 15 10
47 94 p1 16 15 9 15 9 15 11 15 15 15 14 15 14 15 11 15 14
48 95 p2 12 15 12 15 10 15 15 15 11 15 15 15 10 15 9
48 96 p4 9 15 14 15 9 15 13 15 13 15 12 15 15 15 14 15 10 15 16 15 16 15 9 15 16 15 11
49 97 p5 11 15 11 15 16 15 15 15 12 15 15 15 14 15 10 15 15 15 13
49 98 p3 11 15 14 15 9 15 16 15 11 15 11 15 16 15 11 15 10 15 15 15 16 15 14 15 14 15 15
50 99 p1 15 15 11 15 9 15 10 15 11 15 14 15 11 15 15 15 12
